# Bin     YDate                     ValMin                    ValMax                ACM    ACN    Star   StarD  PL     PX     RB     Part   DebASAT DebColl Deb    Err    Total
# ---     ----                      ----                      ----                  (1)    (2)    (3)    (4)    (5)    (6)    (7)    (8)    (9)    (10)   (11)   (12)   -----
     0   1956                     1956                     1957                        0      0      0      0      0      0      0      0      0      0      0      0            0
     1   1957                     1957                     1958                        0      0      0      0      2      0      0      0      0      0      0      0            2
     2   1958                     1958                     1959                        0      0      0      0      8      0      0      0      0      0      0      0            8
     3   1959                     1959                     1960                        0      0      0      0     14      0      0      0      0      0      0      0           14
     4   1960                     1960                     1961                        0      0      0      0     20      0      0      0      0      0      0      0           20
     5   1961                     1961                     1962                        0      0      0      0     39      0      0      0      0      0      0      0           39
     6   1962                     1962                     1963                        0      0      0      0     79      0      0      0      0      0      0      0           79
     7   1963                     1963                     1964                        0      0      0      0     74      0      0      0      0      0      0      0           74
     8   1964                     1964                     1965                        0      1      0      0    106      0      0      0      0      0      0      0          107
     9   1965                     1965                     1966                        0      5      0      0    155      0      0      0      0      0      0      0          160
    10   1966                     1966                     1967                        0      3      0      0    138      0      0      0      0      0      0      0          141
    11   1967                     1967                     1968                        0      1      0      0    155      0      0      0      0      0      0      0          156
    12   1968                     1968                     1969                        0      0      0      0    139      0      0      0      0      0      0      0          139
    13   1969                     1969                     1970                        0      3      0      0    133      0      0      0      0      0      0      0          136
    14   1970                     1970                     1971                        0      0      0      0    131      0      0      0      0      0      0      0          131
    15   1971                     1971                     1972                        0      3      0      0    150      0      0      0      0      0      0      0          153
    16   1972                     1972                     1973                        0      1      0      0    128      0      0      0      0      0      0      0          129
    17   1973                     1973                     1974                        0      0      0      0    136      0      0      0      0      0      0      0          136
    18   1974                     1974                     1975                        0      1      0      0    125      0      0      0      0      0      0      0          126
    19   1975                     1975                     1976                        0      0      0      0    154      0      0      0      0      0      0      0          154
    20   1976                     1976                     1977                        0      0      0      0    158      0      0      0      0      0      0      0          158
    21   1977                     1977                     1978                        2      0      0      0    135      0      0      0      0      0      0      0          137
    22   1978                     1978                     1979                        1      1      0      0    162      0      0      0      0      0      0      0          164
    23   1979                     1979                     1980                        0      0      0      0    123      0      0      0      0      0      0      0          123
    24   1980                     1980                     1981                        0      0      0      0    130      0      0      0      0      0      0      0          130
    25   1981                     1981                     1982                        0      0      0      0    158      0      0      0      0      0      0      0          158
    26   1982                     1982                     1983                        0      0      0      0    144      0      0      0      0      0      0      0          144
    27   1983                     1983                     1984                        0      1      0      0    160      0      0      0      0      0      0      0          161
    28   1984                     1984                     1985                        0      2      0      0    164      0      0      0      0      0      0      0          166
    29   1985                     1985                     1986                        1      0      0      0    166      0      0      0      0      0      0      0          167
    30   1986                     1986                     1987                        0      0      0      0    135      0      0      0      0      0      0      0          135
    31   1987                     1987                     1988                        0      0      0      0    138      0      0      0      0      0      0      0          138
    32   1988                     1988                     1989                        1      0      0      0    142      0      0      0      0      0      0      0          143
    33   1989                     1989                     1990                        2      0      0      0    135      0      0      0      0      0      0      0          137
    34   1990                     1990                     1991                        1      3      0      0    164      0      0      0      0      0      0      0          168
    35   1991                     1991                     1992                        2      0      0      0    139      0      0      0      0      0      0      0          141
    36   1992                     1992                     1993                        0      0      0      0    132      0      0      0      0      0      0      0          132
    37   1993                     1993                     1994                        2      3      0      0    107      0      0      0      0      0      0      0          112
    38   1994                     1994                     1995                        4      1      0      0    122      0      0      0      0      0      0      0          127
    39   1995                     1995                     1996                        7      0      0      0    100      0      0      0      0      0      0      0          107
    40   1996                     1996                     1997                        4      1      0      0     99      0      0      0      0      0      0      0          104
    41   1997                     1997                     1998                        6      8      0      0    144      0      0      0      0      0      0      0          158
    42   1998                     1998                     1999                        4     14      0      0    144      0      0      0      0      0      0      0          162
    43   1999                     1999                     2000                        6      8      0      0    116      0      0      0      0      0      0      0          130
    44   2000                     2000                     2001                       13      4      0      0    106      0      0      0      0      0      0      0          123
    45   2001                     2001                     2002                        7      6      0      0     78      0      0      0      0      0      0      0           91
    46   2002                     2002                     2003                       10      2      0      0     80      0      0      0      0      0      0      0           92
    47   2003                     2003                     2004                       15      5      0      0     70      0      0      0      0      0      0      0           90
    48   2004                     2004                     2005                       11      3      0      0     58      0      0      0      0      0      0      0           72
    49   2005                     2005                     2006                       19      4      0      0     51      0      0      0      0      0      0      0           74
    50   2006                     2006                     2007                       25      2      0      0     68      0      0      0      0      0      0      0           95
    51   2007                     2007                     2008                       37      5      0      0     72      0      0      0      0      0      0      0          114
    52   2008                     2008                     2009                       30     13      0      0     64      0      0      0      0      0      0      0          107
    53   2009                     2009                     2010                       37     17      0      0     72      0      0      0      0      0      0      0          126
    54   2010                     2010                     2011                       43     10      0      0     69      0      0      0      0      0      0      0          122
    55   2011                     2011                     2012                       56     10      0      0     63      0      0      0      0      0      0      0          129
    56   2012                     2012                     2013                       51      8      0      0     73      0      0      0      0      0      0      0          132
    57   2013                     2013                     2014                       55     38      0      0    114      0      0      0      0      0      0      0          207
    58   2014                     2014                     2015                       59     41      0      0    160      0      0      0      0      0      0      0          260
    59   2015                     2015                     2016                       75     27      0      0    134      0      0      0      0      0      0      0          236
    60   2016                     2016                     2017                       66     30      0      0    125      0      0      0      0      0      0      0          221
    61   2017                     2017                     2018                      118     19      0      0    307      0      0      0      0      0      0      0          444
    62   2018                     2018                     2019                      140     82      0      2    343      0      0      0      0      0      0      0          567
    63   2019                     2019                     2020                      100     40     37     83    240      0      0      0      0      0      0      0          500
    64   2020                     2020                     2021                      176     60    563    270    194      0      0      0      0      0      0      0         1263
    65   2021                     2021                     2022                      373    130    856    133    331      0      0      0      0      0      0      0         1823
    66   2022                     2022                     2023                      222    195   1619    103    345      0      0      0      0      0      0      0         2484
    67   2023                     2023                     2024                      271    522   1920     64    130      0      0      0      0      0      0      0         2907
    68   2024                     2024                     2025                      260    354   1471     49     41      0      0      0      0      0      0      0         2175
#    69 Total                    Total                    Total                      2312   1687   6466    704   8591      0      0      0      0      0      0      0        19760
# Bin     YDate                     ValMin                    ValMax                ACM    ACN    Star   StarD  PL     PX     RB     Part   DebASAT DebColl Deb    Err    Total
# ---     ----                      ----                      ----                  (1)    (2)    (3)    (4)    (5)    (6)    (7)    (8)    (9)    (10)   (11)   (12)   -----
# Data last updated: 2024 Oct 27 15:34:23